2.345785018617867195e+02
2.509572655784995163e+02
1.997730441961143981e+02
2.324108021673013411e+02
2.235975689302967169e+02
2.694477333175045715e+02
2.272454670889832471e+02
2.476692839243187336e+02
2.634174685618366425e+02
1.977627862758265849e+02
2.350147081736745633e+02
1.894008208096404644e+02
2.214414654643677238e+02
1.798247518095753037e+02
2.062671409308412080e+02
2.314953480356647333e+02
2.472719256485392236e+02
2.237124739930828810e+02
2.297280064927116427e+02
2.584963865190919705e+02
2.258045888118435300e+02
2.573091100369899209e+02
2.172454800958836927e+02
2.072047307788751596e+02
2.268877839699487708e+02
2.174136537246696719e+02
2.156420158334601638e+02
1.908810203066120721e+02
2.166378607993279957e+02
2.561104755816274405e+02
2.170671571636233352e+02
2.142163069710590833e+02
2.206261085765853807e+02
2.439089382974196383e+02
2.360739461720238808e+02
2.116901974374138433e+02
2.861702800374737876e+02
2.366514945143818238e+02
2.126685960290985804e+02
2.578236920596348227e+02
2.329659213834847549e+02
2.408611007817522704e+02
2.622633605249090465e+02
2.397960522691405458e+02
2.240593036813125423e+02
2.242549408766661259e+02
2.320033940441467166e+02
2.312762645959866745e+02
2.035118466674021533e+02
2.723433942474148353e+02
2.501872485570118272e+02
2.430219563142186985e+02
2.156038328946355023e+02
2.842155166675507303e+02
2.216030616457559859e+02
2.330324694021740868e+02
2.205744864948702855e+02
2.057152399352746102e+02
2.508606773482684389e+02
2.642303878873123040e+02
1.637325482692675678e+02
2.553027426192356302e+02
2.203711510773485998e+02
2.163033385107399624e+02
2.570997253466349548e+02
2.375425706146382083e+02
2.314686420093641175e+02
2.207877629543940259e+02
2.613158181722371864e+02
2.298623740619702858e+02
2.560043657356279709e+02
2.265031602507921491e+02
2.509023312614544068e+02
2.514682013387356960e+02
2.094732036177006762e+02
2.650569718277118341e+02
2.128179189273724319e+02
2.502249460832936734e+02
2.136704955163845625e+02
2.631093705106586071e+02
2.891893947235391806e+02
2.298393289159345727e+02
2.062631084678778848e+02
2.399579582097718173e+02
2.354225079537682745e+02
1.994783480524832839e+02
2.080779211947505019e+02
2.339752109969223000e+02
2.134535068942146552e+02
2.368833447107786583e+02
2.563383760757370737e+02
2.516301523541968663e+02
2.017830815356705330e+02
2.199723152737367684e+02
2.471479846935766034e+02
2.379002501974111397e+02
2.319754072677564807e+02
2.212278769220343406e+02
1.956954216983773165e+02
2.458546951797410145e+02
